<svg version="1.1" xmlns="http://www.w3.org/2000/svg" width="1024" height="1024">
    <defs>
        <linearGradient id="grad-11" gradientTransform="rotate(244 0.5 0.5)">

            <stop stop-color="#ffffff" offset="0"></stop>
            ,
            <stop stop-color="#000000" offset="0.25"></stop>
            ,
            <stop stop-color="#ffffff" offset="0.5"></stop>
            ,
            <stop stop-color="#000000" offset="0.75"></stop>

        </linearGradient>
    </defs>
    <defs>
        <linearGradient id="grad-10" gradientTransform="rotate(11 0.5 0.5)">

            <stop stop-color="#000000" offset="0"></stop>
            ,
            <stop stop-color="#ffffff" offset="0.3333333333333333"></stop>
            ,
            <stop stop-color="#ffffff" offset="0.6666666666666666"></stop>

        </linearGradient>
    </defs>
    <defs>
        <linearGradient id="grad-9" gradientTransform="rotate(359 0.5 0.5)">

            <stop stop-color="#ffffff" offset="0"></stop>
            ,
            <stop stop-color="#000000" offset="0.5"></stop>

        </linearGradient>
    </defs>
    <path
        d="M0 0 C337.92 0 675.84 0 1024 0 C1024 337.92 1024 675.84 1024 1024 C686.08 1024 348.16 1024 0 1024 C0 686.08 0 348.16 0 0 Z "
        fill="" transform="translate(0,0)" data-index="0"
        style="opacity: 1; visibility: visible; fill: rgb(255, 255, 255); display: block;"></path>
    <path
        d="M0 0 C5.04515402 2.24280672 10.10336414 4.45591039 15.15957642 6.67364502 C16.22193008 7.14047699 17.28428375 7.60730896 18.37882996 8.08828735 C30.51491263 13.4136554 42.71366005 18.59017784 54.91348267 23.76739502 C72.79039891 31.36102883 90.64601817 39.00164808 108.47598267 46.70489502 C112.7142444 48.53566938 116.95252151 50.36640811 121.19082642 52.19708252 C122.21373779 52.63893387 123.23664917 53.08078522 124.29055786 53.536026 C134.20022281 57.81537538 144.11701957 62.07797643 154.03848267 66.32989502 C154.86654419 66.68479004 155.69460571 67.03968506 156.54776001 67.40533447 C173.19438174 74.53752581 189.86022366 81.62455609 206.52474976 88.71478271 C220.36658363 94.60491455 234.19571708 100.52000007 247.98696899 106.52764893 C261.62895484 112.45877808 275.3278624 118.25700125 289.02261353 124.06500244 C292.83219396 125.68083956 296.63910951 127.30273976 300.44424438 128.92901611 C304.43280853 130.63353435 308.43051528 132.31433814 312.4335022 133.98468018 C314.46995543 134.84547263 316.50625577 135.70662692 318.54238892 136.56817627 C319.46648056 136.94854538 320.3905722 137.32891449 321.34266663 137.72080994 C329.14844838 141.04927093 338.96697883 145.68562618 343.22598267 153.39239502 C342.8678789 157.15945087 342.05573389 159.16202518 339.25332642 161.68927002 C332.63102047 167.12070343 324.55054282 170.1933444 316.78848267 173.64239502 C315.052114 174.42667296 313.31645027 175.21251326 311.58145142 175.99981689 C307.95505373 177.64439663 304.32601383 179.28293419 300.69522095 180.91778564 C292.86063826 184.45339575 285.06898835 188.08113164 277.27575684 191.70672607 C272.99013213 193.69958183 268.70178936 195.68656864 264.41348267 197.67364502 C263.56591904 198.06646667 262.71835541 198.45928833 261.84510803 198.86401367 C253.6147059 202.67763162 245.37864381 206.47894836 237.14160156 210.27819824 C195.59864966 229.43533342 195.59864966 229.43533342 154.16668701 248.83084106 C142.97950303 254.1079744 131.7638446 259.31984503 120.52676392 264.49005127 C114.02299313 267.48269545 107.53028065 270.49888602 101.03848267 273.51739502 C93.02506479 277.24301094 85.00669897 280.95744112 76.97988892 284.65411377 C61.09780225 291.9695076 45.22768261 299.30616502 29.41348267 306.76739502 C10.8632027 315.51635673 -7.71387977 324.19716134 -26.46151733 332.51739502 C-27.49542603 332.97928223 -28.52933472 333.44116943 -29.59457397 333.91705322 C-42.64042102 339.66406993 -53.01237621 341.12627819 -66.77401733 336.39239502 C-72.56488749 334.04463324 -78.2112475 331.36513379 -83.87509155 328.72979736 C-89.02510481 326.35386907 -94.21357535 324.06469925 -99.39901733 321.76739502 C-100.52710815 321.26635254 -101.65519897 320.76531006 -102.81747437 320.24908447 C-112.65506729 315.88128029 -122.50407025 311.53946108 -132.35345459 307.19833374 C-147.40899078 300.56180854 -162.44510839 293.88192672 -177.47750854 287.19319153 C-181.99206403 285.18453584 -186.50761467 283.17814409 -191.02401733 281.17364502 C-202.11801791 276.24919785 -213.2025716 271.30485233 -224.27401733 266.32989502 C-235.44145947 261.31288225 -246.63497187 256.35658982 -257.8369751 251.41726685 C-277.11286413 242.91783575 -296.3446972 234.32478594 -315.54450703 225.65491867 C-321.47709103 222.97636969 -327.41230551 220.30369836 -333.34848022 217.63311768 C-334.71713604 217.01730583 -334.71713604 217.01730583 -336.11344147 216.38905334 C-338.33361206 215.39011975 -340.55380433 214.39123436 -342.77401733 213.39239502 C-342.76016739 229.46603418 -342.71772986 245.53931033 -342.64192677 261.61276531 C-342.60737956 269.07718308 -342.58193481 276.54141815 -342.57846069 284.00592041 C-342.5754064 290.5174727 -342.55472099 297.02869875 -342.51349276 303.54012519 C-342.49229251 306.98302031 -342.47949427 310.42545318 -342.48786354 313.86841393 C-342.49279376 317.7267586 -342.46656556 321.58377468 -342.43344116 325.44195557 C-342.44637962 327.12511116 -342.44637962 327.12511116 -342.45957947 328.8422699 C-342.33076659 337.85509786 -339.79055937 345.35931095 -335.77401733 353.39239502 C-334.95005893 361.40833325 -335.69680143 367.93386806 -338.27401733 375.45489502 C-342.29515035 387.40043328 -341.68124318 400.0550278 -339.77401733 412.39239502 C-338.85799907 422.1545325 -338.85799907 422.1545325 -342.08651733 426.51739502 C-347.56084797 430.33669546 -353.2130516 429.61214371 -359.64901733 429.64239502 C-361.28290405 429.67333252 -361.28290405 429.67333252 -362.94979858 429.70489502 C-364.00296265 429.71005127 -365.05612671 429.71520752 -366.14120483 429.72052002 C-367.10139526 429.72986572 -368.06158569 429.73921143 -369.0508728 429.74884033 C-372.2803366 429.32612049 -374.15308042 428.29484669 -376.77401733 426.39239502 C-380.70313174 418.53416621 -377.2161584 405.92823841 -375.46151733 397.82989502 C-373.77899878 389.41730226 -374.38928607 384.22400968 -378.52792358 376.69708252 C-381.64123994 370.93891121 -382.74268857 364.83405875 -381.77401733 358.39239502 C-380.06235807 352.90850208 -378.00088138 347.60222559 -375.20989513 342.57509422 C-373.67917075 339.18216254 -373.4033085 337.0489411 -373.41325378 333.35592651 C-373.40706779 331.57658218 -373.40706779 331.57658218 -373.40075684 329.7612915 C-373.41154266 328.47375977 -373.42232849 327.18622803 -373.43344116 325.85968018 C-373.43428809 324.47950255 -373.43381101 323.09932357 -373.43211365 321.71914673 C-373.43125482 317.98396468 -373.44886205 314.24907314 -373.46983552 310.51395845 C-373.48862127 306.60621403 -373.49035425 302.69846255 -373.49391174 298.79067993 C-373.50322665 291.39596173 -373.52783287 284.00137697 -373.55796021 276.60671747 C-373.59152153 268.18595933 -373.60799458 259.76519474 -373.62304652 251.34438634 C-373.65438296 234.02697878 -373.70713261 216.70970102 -373.77401733 199.39239502 C-374.88212769 198.91407227 -375.99023804 198.43574951 -377.13192749 197.94293213 C-381.31222002 196.13721401 -385.49020417 194.32620549 -389.66757202 192.51373291 C-391.46286201 191.73563484 -393.25874395 190.95890086 -395.05526733 190.18365479 C-400.97958781 187.62647739 -406.88882986 185.03850421 -412.77401733 182.39239502 C-413.49230713 182.06958557 -414.21059692 181.74677612 -414.95065308 181.41418457 C-416.88849147 180.53155604 -418.81335523 179.62615638 -420.73495483 178.70880127 C-421.79246948 178.20937012 -422.84998413 177.70993896 -423.93954468 177.19537354 C-427.46038888 174.95580123 -429.33643109 172.77557254 -431.77401733 169.39239502 C-431.89901733 166.76739502 -431.89901733 166.76739502 -430.77401733 164.39239502 C-421.53459848 156.15370623 -408.29917356 151.75689821 -397.04647827 146.82626343 C-383.40342156 140.84441772 -369.8434536 134.70709668 -356.37167358 128.34918213 C-347.07907764 123.9692195 -337.7200213 119.74749536 -328.34573364 115.54580688 C-305.53989033 105.31741187 -282.78832502 94.9755293 -260.12310791 84.43911743 C-248.82100876 79.18524892 -237.50255548 73.97168198 -226.14901733 68.82989502 C-213.33297787 63.02570924 -200.55269551 57.14689296 -187.7835083 51.24038696 C-176.445856 45.9970207 -165.09007943 40.79634705 -153.71151733 35.64239502 C-143.18144696 30.87228624 -132.68141729 26.04319926 -122.21151733 21.14239502 C-110.52700758 15.6735634 -98.82523857 10.24594623 -87.08358765 4.9006958 C-84.66782717 3.79973916 -82.25314045 2.69659446 -79.83944702 1.59112549 C-76.32697165 -0.01734962 -72.81208086 -1.62044629 -69.29571533 -3.22039795 C-67.92168586 -3.84650231 -66.54839587 -4.47423241 -65.17590332 -5.10369873 C-63.25106887 -5.98598971 -61.32345654 -6.86192577 -59.39511108 -7.73651123 C-57.73113281 -8.49556763 -57.73113281 -8.49556763 -56.03353882 -9.2699585 C-36.20904347 -17.40555957 -18.21383891 -8.09991836 0 0 Z "
        fill="#FEFEFE" transform="translate(562.7740173339844,115.60760498046875)" data-index="1"
        style="opacity: 1; visibility: visible; fill: rgba(0, 0, 0, 0); display: block;"></path>
    <path
        d="M0 0 C5.54774024 1.89107449 10.84678596 4.28278059 16.1875 6.6875 C17.75018281 7.37645531 19.31359005 8.0637696 20.87768555 8.74951172 C24.06233934 10.14814537 27.24311183 11.55507331 30.42089844 12.96923828 C34.57470682 14.81553232 38.74033071 16.63284954 42.9140625 18.43359375 C43.53353256 18.70086273 44.15300262 18.96813171 44.79124451 19.24349976 C45.40371536 19.50764679 46.01618622 19.77179382 46.6472168 20.04394531 C50.32842076 21.63186757 54.00651069 23.22678766 57.68359375 24.82421875 C62.59102731 26.95512118 67.49981611 29.08283919 72.41015625 31.20703125 C86.42749589 37.2718638 100.43089536 43.36756007 114.42114258 49.49462891 C124.96355996 54.11139321 135.51173242 58.71485217 146.0625 63.3125 C146.87846649 63.66807983 147.69443298 64.02365967 148.53512573 64.39001465 C152.69409696 66.20235806 156.85313546 68.01454702 161.01220703 69.82666016 C167.55819711 72.67883584 174.10370195 75.53212445 180.64916992 78.38549805 C183.86406594 79.78695614 187.07907848 81.18814644 190.29418945 82.58911133 C197.94289353 85.92220317 205.59073108 89.25724956 213.23608398 92.59802246 C216.8656825 94.1839195 220.49569071 95.7688775 224.12573242 97.35375977 C225.86373134 98.1128913 227.60152718 98.87248794 229.33911133 99.63256836 C231.74119395 100.68329 234.14395787 101.73243852 236.546875 102.78125 C237.26055237 103.09392822 237.97422974 103.40660645 238.70953369 103.72875977 C246.49135388 107.12111081 253.59436838 108.62627997 261.96118164 106.10913086 C269.74895378 102.9883398 277.41196568 99.64030141 285.02813721 96.12597656 C288.60717569 94.47492212 292.19235324 92.83729973 295.77734375 91.19921875 C296.52415405 90.85772797 297.27096436 90.51623718 298.04040527 90.16439819 C308.17387786 85.53916903 318.36524902 81.04338294 328.55493164 76.54370117 C337.75792548 72.47444344 346.89306902 68.27948202 356 64 C370.47012436 57.2585186 384.99069538 50.63766322 399.56713867 44.12939453 C408.31848633 40.21829003 417.0411057 36.24715633 425.75384521 32.25085449 C430.15819763 30.23216732 434.56573525 28.22044595 438.97341919 26.20904541 C443.0385346 24.3537499 447.10199438 22.49494834 451.16308594 20.63085938 C455.52835869 18.62820451 459.89900795 16.63770312 464.27322388 14.65466309 C465.95366478 13.89053072 467.63231105 13.12243817 469.30905151 12.35021973 C471.6453961 11.27497973 473.98775956 10.214072 476.33203125 9.15625 C477.02110565 8.83521301 477.71018005 8.51417603 478.4201355 8.18341064 C482.4069687 6.40528192 485.63818522 5.27964981 490 6 C492.83126136 8.5351275 493.0131927 10.13729635 493.38095093 13.96455383 C493.39876847 15.6029831 493.39996935 17.24164319 493.38818359 18.88012695 C493.39606903 20.22476013 493.39606903 20.22476013 493.40411377 21.59655762 C493.41731936 24.56064268 493.4085714 27.52419068 493.3984375 30.48828125 C493.40045861 32.55087894 493.40337035 34.61347593 493.40713501 36.67607117 C493.41155957 41.0011576 493.40512495 45.32605821 493.39111328 49.65112305 C493.37405358 55.18598197 493.38384147 60.72040343 493.40183067 66.25524616 C493.41269234 70.51642629 493.40921066 74.77750345 493.4014473 79.03868675 C493.39945021 81.07876831 493.40188725 83.1188593 493.40888596 85.15892982 C493.41653595 88.01676652 493.40484502 90.87390455 493.38818359 93.73168945 C493.39425629 94.56985703 493.40032898 95.4080246 493.40658569 96.27159119 C493.34382203 102.1058469 492.62034849 107.19474542 488.46321106 111.64523315 C484.08008791 114.47176248 479.62629215 116.72703565 474.82421875 118.7578125 C474.03887756 119.09831635 473.25353638 119.43882019 472.44439697 119.78964233 C470.74908449 120.52394956 469.05222165 121.2546859 467.35397339 121.98217773 C462.73346265 123.96247972 458.12533701 125.97128344 453.515625 127.9765625 C452.56119003 128.39097595 451.60675507 128.8053894 450.62339783 129.23236084 C440.68303759 133.55583543 430.80647894 138.01649703 420.9375 142.5 C419.18272853 143.29637136 417.42792701 144.09267652 415.6730957 144.88891602 C413.04527947 146.0813959 410.41752014 147.27399993 407.78999329 148.46711731 C399.3232776 152.31062021 390.84551121 156.12939036 382.36514282 159.94265747 C379.87885004 161.0607686 377.39288149 162.17959783 374.90698242 163.29858398 C367.41034378 166.67231801 359.91168857 170.04138957 352.4065094 173.39608765 C334.63233892 181.34174006 316.92123282 189.39063399 299.33535767 197.74560547 C226.89034497 232.15940909 226.89034497 232.15940909 214.44824219 227.73779297 C211.08689951 226.27838203 207.80306199 224.66761907 204.52987671 223.02127075 C202.31647696 221.9080665 200.09183785 220.82099416 197.86254883 219.73999023 C195.53693631 218.61219811 193.21205589 217.48317134 190.89076233 216.34651184 C183.22562817 212.5958176 175.46818406 209.06539683 167.6875 205.5625 C164.97067958 204.334822 162.25479797 203.10507587 159.5390625 201.875 C158.85557236 201.56563507 158.17208221 201.25627014 157.46788025 200.93753052 C152.08221497 198.49727485 146.7073044 196.03405268 141.3359375 193.5625 C140.51996597 193.18705551 139.70399445 192.81161102 138.86329651 192.42478943 C134.92777847 190.61326212 130.99315448 188.7998125 127.05932617 186.98461914 C119.67548413 183.58151323 112.27571013 180.22163735 104.83984375 176.93359375 C96.84161531 173.39561588 88.91001304 169.73048175 81 166 C61.95690316 157.03226849 42.83068346 148.2977737 23.578125 139.7890625 C22.88334549 139.48162109 22.18856598 139.17417969 21.47273254 138.85742188 C17.68293771 137.18134473 13.889414 135.51434378 10.09130859 133.85717773 C8.46970696 133.14571524 6.84812443 132.43420921 5.2265625 131.72265625 C4.4755426 131.39725861 3.72452271 131.07186096 2.95074463 130.73660278 C-5.72451718 126.91868233 -12.61171876 122.35817577 -16.58021545 113.45474243 C-18.32857291 108.64837807 -18.42978012 104.17147453 -18.40405273 99.09912109 C-18.41091599 98.14198715 -18.41777924 97.18485321 -18.42485046 96.19871521 C-18.44304921 93.05680217 -18.43929205 89.91539157 -18.43359375 86.7734375 C-18.43815765 84.57963906 -18.44346385 82.38584206 -18.44947815 80.19204712 C-18.45839473 75.60420912 -18.45600117 71.01654536 -18.44604492 66.42871094 C-18.43453532 60.55300877 -18.45480501 54.67790581 -18.48396206 48.80228233 C-18.50231207 44.27607414 -18.50203433 39.75001001 -18.49632454 35.22377396 C-18.4961713 33.05725893 -18.5022181 30.89073416 -18.51461601 28.72425461 C-18.5295076 25.69648353 -18.51886325 22.66982626 -18.50170898 19.64208984 C-18.51137695 18.75050674 -18.52104492 17.85892365 -18.53100586 16.94032288 C-18.45078566 10.17229293 -16.42627779 6.63424446 -11.8125 1.625 C-7.77808511 -0.70599527 -4.48892127 -0.72395874 0 0 Z "
        fill="#FEFEFE" transform="translate(292,508)" data-index="2"
        style="opacity: 1; visibility: visible; fill: rgba(0, 0, 0, 0); display: block;"></path>
    <path
        d="M0 0 C2.6825579 1.98621507 4.66762865 3.59007624 5.45829773 6.94410515 C5.63740699 9.34309598 5.65269998 11.69583876 5.61523438 14.10131836 C5.62078339 15.00924637 5.6263324 15.91717438 5.63204956 16.85261536 C5.64384408 19.84889789 5.61957053 22.84366734 5.59375 25.83984375 C5.59203863 27.92582632 5.59210484 30.01181105 5.59387207 32.09779358 C5.59221888 36.46831863 5.57352201 40.83833073 5.54199219 45.20874023 C5.50233951 50.80535919 5.4979442 56.40130555 5.50545502 61.99803829 C5.50852787 66.30552815 5.49639251 70.61286738 5.47932434 74.92032051 C5.47230242 76.98354713 5.46916883 79.04679083 5.47001648 81.11002922 C5.46821451 83.99676091 5.44679739 86.8826939 5.41992188 89.76928711 C5.42285248 90.61882965 5.42578308 91.46837219 5.42880249 92.34365845 C5.35777211 97.29993387 4.71686933 100.69408872 2 105 C-1.61926068 108.46961284 -5.81223266 110.60151445 -10.2890625 112.765625 C-10.98859039 113.10934143 -11.68811829 113.45305786 -12.40884399 113.80718994 C-20.02599356 117.53499595 -27.69524445 121.15342026 -35.375 124.75 C-36.872431 125.4530501 -38.3698262 126.15617646 -39.8671875 126.859375 C-49.59107974 131.4219373 -59.33640535 135.93674344 -69.09570312 140.4230957 C-78.7817715 144.8824862 -88.42760192 149.42563806 -98.07226562 153.97363281 C-107.70069551 158.51348466 -117.34007287 163.02744955 -127 167.5 C-138.08119523 172.6310717 -149.13443998 177.81940624 -160.17947388 183.02774048 C-169.91527245 187.61819898 -179.66695833 192.17144873 -189.4375 196.6875 C-198.66815793 200.95490011 -207.84793705 205.31664671 -217 209.75 C-227.24559924 214.70957316 -237.53802321 219.52381045 -247.96533203 224.08935547 C-249.79514329 224.90831347 -251.60066427 225.78103595 -253.40234375 226.66015625 C-261.48265272 230.47202342 -269.96138367 232.12252858 -278.6171875 229.08007812 C-285.94576432 226.10102137 -293.05177372 222.63875006 -300.15145874 219.15606689 C-308.93793411 214.8493551 -317.73903001 210.58688094 -326.6875 206.625 C-335.74822663 202.60711686 -344.72129489 198.41099037 -353.6875 194.1875 C-354.42428986 193.84049042 -355.16107971 193.49348083 -355.92019653 193.13595581 C-365.34234037 188.69539489 -374.74319671 184.21276987 -384.125 179.6875 C-393.96786139 174.94118381 -403.8770254 170.35573378 -413.8203125 165.82421875 C-421.44092934 162.34914945 -429.03231098 158.81162806 -436.6237793 155.2734375 C-443.61884071 152.01836205 -450.62857772 148.79815591 -457.65234375 145.60546875 C-460.15456259 144.46540085 -462.65659845 143.3249322 -465.15859985 142.18438721 C-466.78259346 141.44568402 -468.4075512 140.70909618 -470.03353882 139.97479248 C-493.66832777 129.29987024 -493.66832777 129.29987024 -499.4375 122.625 C-500.05496094 121.93664062 -500.67242187 121.24828125 -501.30859375 120.5390625 C-505.59284086 114.10774466 -506.44618579 108.09493093 -506.41992188 100.57397461 C-506.42839142 99.66721481 -506.43686096 98.76045502 -506.44558716 97.82621765 C-506.46884279 94.85144745 -506.4699823 91.87719768 -506.46875 88.90234375 C-506.47585664 86.82304175 -506.48355638 84.74374169 -506.49182129 82.66444397 C-506.50523847 78.31619811 -506.50684644 73.96813376 -506.50097656 69.61987305 C-506.49507216 64.05578809 -506.52571604 58.49257317 -506.56609344 52.92865658 C-506.59197138 48.63830394 -506.59484796 44.34816109 -506.59120178 40.05774117 C-506.59289181 38.00647349 -506.60252298 35.95519599 -506.62034607 33.90400505 C-506.64254587 31.03429021 -506.63282987 28.16634099 -506.61523438 25.29663086 C-506.62849762 24.45539673 -506.64176086 23.6141626 -506.65542603 22.74743652 C-506.57323252 16.96180366 -505.1525795 13.12872791 -501 9 C-496.13589144 6.1699732 -493.39196958 5.73243871 -488 7 C-485.71612175 7.93898909 -483.46495564 8.95946941 -481.2421875 10.03515625 C-480.59417175 10.34526642 -479.94615601 10.65537659 -479.27850342 10.97488403 C-477.87621079 11.64627282 -476.47541842 12.32080233 -475.07598877 12.99813843 C-471.27286426 14.8372662 -467.45704858 16.6496045 -463.640625 18.4609375 C-462.8481839 18.83733871 -462.0557428 19.21373993 -461.23928833 19.60154724 C-452.76606357 23.61049807 -444.20290118 27.40908117 -435.625 31.1875 C-425.03367949 35.85803397 -414.48232308 40.5883874 -404 45.5 C-392.77885119 50.75474212 -381.48032813 55.81382866 -370.14871216 60.82458496 C-358.70718066 65.88561669 -347.30769963 71.03074568 -335.9375 76.25 C-322.44759744 82.4402338 -308.91551678 88.52337107 -295.33837891 94.52050781 C-291.73599424 96.11700124 -288.13903787 97.72528821 -284.54296875 99.3359375 C-283.30016758 99.89168513 -282.05732941 100.44735006 -280.81445312 101.00292969 C-278.45935669 102.05619172 -276.10513703 103.11141724 -273.75195312 104.16894531 C-272.69298828 104.64170898 -271.63402344 105.11447266 -270.54296875 105.6015625 C-269.61508545 106.01744629 -268.68720215 106.43333008 -267.73120117 106.86181641 C-260.30415959 109.95691499 -253.23353826 111.75015321 -245.35717773 109.11621094 C-244.00281616 108.52501465 -244.00281616 108.52501465 -242.62109375 107.921875 C-241.57147461 107.46611084 -240.52185547 107.01034668 -239.44042969 106.54077148 C-238.30508789 106.03231689 -237.16974609 105.5238623 -236 105 C-234.80536133 104.46511963 -233.61072266 103.93023926 -232.37988281 103.37915039 C-228.30684693 101.54295296 -224.24706997 99.67823063 -220.1875 97.8125 C-218.66859786 97.11632536 -217.1496348 96.42028362 -215.63061523 95.72436523 C-203.08917978 89.97479458 -190.56547429 84.18673011 -178.04232788 78.39746094 C-168.1987059 73.84729284 -158.35384679 69.30258056 -148.44360352 64.89868164 C-137.14895962 59.87061727 -125.99292022 54.53063282 -114.8125 49.25488281 C-101.49357335 42.97063321 -88.15353567 36.73967608 -74.75390625 30.62890625 C-69.7132742 28.33001892 -64.68427222 26.00664408 -59.65722656 23.67822266 C-49.23163194 18.85120713 -38.78948519 14.0610031 -28.32595825 9.31680298 C-26.95479299 8.69474446 -25.5840764 8.07169591 -24.21383667 7.44760132 C-22.29494119 6.5740516 -20.37429113 5.70447995 -18.453125 4.8359375 C-17.35129883 4.33626465 -16.24947266 3.8365918 -15.11425781 3.32177734 C-5.39471127 -0.80346764 -5.39471127 -0.80346764 0 0 Z "
        fill="#FEFEFE" transform="translate(780,655)" data-index="3"
        style="opacity: 1; visibility: visible; fill: rgba(0, 0, 0, 0);"></path>
    <path
        d="M0 0 C3.04172389 1.58751327 5.45151837 3.90303675 7 7 C7.11388052 9.61206133 7.16782609 12.19808029 7.17700195 14.81103516 C7.18357315 15.61777679 7.19014435 16.42451843 7.19691467 17.25570679 C7.21667107 19.93349294 7.22831788 22.61122284 7.23828125 25.2890625 C7.24235678 26.20397839 7.2464323 27.11889427 7.25063133 28.06153488 C7.27150598 32.90772019 7.28579942 37.75387709 7.29516602 42.60009766 C7.30620965 47.59688481 7.34058181 52.59322407 7.38033772 57.58985329 C7.40654053 61.43843387 7.4148613 65.28690859 7.41844749 69.13557053 C7.42330708 70.9766885 7.43490311 72.81780194 7.45348549 74.65883255 C7.47794634 77.24377616 7.47689906 79.82757271 7.4699707 82.41259766 C7.48918579 83.54293427 7.48918579 83.54293427 7.50878906 84.69610596 C7.44315585 91.45332887 5.21064003 96.61931074 0.61328125 101.5703125 C-4.65222725 105.50919491 -10.89074578 108.07558098 -16.8125 110.875 C-18.19945634 111.53767771 -19.5862532 112.20068931 -20.97290039 112.86401367 C-35.45845477 119.77007275 -50.07323528 126.3920995 -64.7098999 132.97015381 C-67.94285486 134.42399696 -71.17432363 135.88113019 -74.40586853 137.33810425 C-85.26647336 142.23454531 -96.13201244 147.11996997 -107 152 C-107.6765564 152.30379578 -108.35311279 152.60759155 -109.0501709 152.92059326 C-120.99412342 158.28319189 -132.94388572 163.6328071 -144.89453125 168.98046875 C-145.66903122 169.32704529 -146.44353119 169.67362183 -147.24150085 170.03070068 C-151.2416342 171.8205442 -155.24204111 173.60977264 -159.24291992 175.39794922 C-166.75004019 178.75364235 -174.2555813 182.11268327 -181.7542572 185.48721313 C-185.16247579 187.02072573 -188.57169886 188.55199808 -191.98098755 190.08312988 C-193.58831852 190.80573493 -195.1951704 191.5294068 -196.80148315 192.25427246 C-234.26543807 209.15856411 -234.26543807 209.15856411 -251.95751953 202.59667969 C-258.71212296 199.969924 -265.329075 197.02106171 -271.94833374 194.07357788 C-275.50054741 192.49202647 -279.05773222 190.92179828 -282.6146698 189.35090637 C-284.50113527 188.51774621 -286.38737311 187.68407049 -288.27339172 186.84989929 C-299.05786363 182.0825956 -309.871894 177.38363387 -320.6875 172.6875 C-322.66789511 171.82716625 -324.64828252 170.96681478 -326.62866211 170.10644531 C-338.06936403 165.1369983 -349.51230895 160.17271425 -360.95898438 155.21704102 C-369.10279992 151.69089274 -377.24341196 148.1574219 -385.3828125 144.62109375 C-415.20000972 131.66435578 -415.20000972 131.66435578 -445.0625 118.8125 C-446.09923859 118.36821152 -446.09923859 118.36821152 -447.15692139 117.91494751 C-453.80405211 115.06655714 -460.4545421 112.22666907 -467.11781311 109.41621399 C-469.73532313 108.3115117 -472.35100232 107.20251362 -474.96652222 106.09310913 C-476.74339756 105.34172137 -478.52313508 104.59711305 -480.30297852 103.8527832 C-488.96398368 100.17867634 -496.8218191 96.6350634 -501.08578491 87.73321533 C-504.04307637 80.22258074 -504.6138543 73.50854109 -504.6015625 65.484375 C-504.61013275 64.22917053 -504.618703 62.97396606 -504.62753296 61.6807251 C-504.64185432 58.37560066 -504.63584059 55.07121789 -504.62438965 51.76611328 C-504.62520458 49.07423649 -504.6630222 46.38335141 -504.700037 43.69176865 C-504.73669742 40.45598843 -504.72914068 37.22032532 -504.7265625 33.984375 C-504.74498199 32.7863324 -504.76340149 31.58828979 -504.78237915 30.35394287 C-504.71153359 23.95516302 -504.2756269 19.91747217 -499.67758179 15.27008057 C-496.07351683 12.54147866 -493.0101413 11.49071593 -488.4230957 11.62524414 C-478.14150265 13.2153948 -467.65226874 19.25809813 -458.15353394 23.44177246 C-453.89332037 25.31745861 -449.62837648 27.18232137 -445.36328125 29.046875 C-444.00288475 29.64172699 -444.00288475 29.64172699 -442.61500549 30.24859619 C-431.41369426 35.13946473 -420.17511015 39.94328448 -408.9375 44.75 C-404.73294987 46.54919174 -400.52853649 48.34870279 -396.32421875 50.1484375 C-395.32393646 50.57661774 -394.32365417 51.00479797 -393.2930603 51.44595337 C-382.02414512 56.27152377 -370.77571254 61.14350225 -359.53320312 66.03027344 C-353.84082583 68.50421562 -348.14690484 70.97460044 -342.453125 73.4453125 C-341.32387604 73.9353627 -340.19462708 74.4254129 -339.03115845 74.93031311 C-333.19398662 77.46336208 -327.35664394 79.99601637 -321.51904297 82.52807617 C-302.48559294 90.78465156 -302.48559294 90.78465156 -294.5178833 94.26400757 C-291.75108082 95.47221842 -288.98336742 96.67833365 -286.21557617 97.88427734 C-284.45582225 98.65222938 -282.69759946 99.42368716 -280.93945312 100.1953125 C-262.61697925 108.61802599 -262.61697925 108.61802599 -243.16088867 106.67626953 C-241.80432111 106.1105681 -240.45265578 105.53300355 -239.10546875 104.9453125 C-238.36978165 104.63310257 -237.63409454 104.32089264 -236.87611389 103.9992218 C-229.58752882 100.88096983 -222.38152543 97.58016765 -215.19403076 94.23678589 C-211.1866489 92.37335495 -207.17333436 90.5227821 -203.16015625 88.671875 C-202.32738159 88.28760849 -201.49460693 87.90334198 -200.63659668 87.50743103 C-191.41012432 83.25652079 -182.14398054 79.09469143 -172.875 74.9375 C-159.59047125 68.97773632 -146.33347521 62.96231622 -133.10073853 56.88848877 C-121.20347832 51.43094298 -109.25370014 46.09875284 -97.28308105 40.80435181 C-84.85171648 35.30307525 -72.50843546 29.63532066 -60.19140625 23.8828125 C-53.235313 20.63599777 -46.24805879 17.46398536 -39.234375 14.34375 C-35.14543781 12.52357591 -31.07955145 10.65657131 -27.015625 8.78125 C-25.17860312 7.94165135 -23.34069556 7.10403623 -21.50222778 6.26760864 C-19.72970437 5.45680549 -17.9632707 4.63273102 -16.19702148 3.80834961 C-5.68965865 -0.95208478 -5.68965865 -0.95208478 0 0 Z "
        fill="#FEFEFE" transform="translate(778,379)" data-index="4"
        style="opacity: 1; visibility: visible; fill: rgba(0, 0, 0, 0); display: block;"></path>
    <path
        d="M0 0 C3.68985588 0.76052912 6.9177709 2.14599268 10.31387329 3.74612427 C11.04606583 4.07824921 11.77825836 4.41037415 12.53263855 4.75256348 C14.92740851 5.84176233 17.31374698 6.9482754 19.70059204 8.05471802 C21.39738423 8.82963147 23.09482484 9.6031265 24.7928772 10.37527466 C28.28887375 11.96584834 31.78235308 13.56176959 35.27432251 15.16116333 C42.18183728 18.31805823 49.12632188 21.39040738 56.07263184 24.46072388 C85.1207391 37.31073853 114.09529608 50.3084679 142.81816101 63.87136841 C148.23152807 66.42495066 153.66275079 68.93911305 159.09707642 71.44778442 C164.86802452 74.11372915 170.63031326 76.79795862 176.38809204 79.49221802 C177.02305603 79.78930664 177.65802002 80.08639526 178.31222534 80.39248657 C182.28850863 82.25509301 186.25869364 84.12996967 190.22247314 86.01904297 C191.47847842 86.6161412 192.73590315 87.21026468 193.99487305 87.80108643 C212.84047999 96.65533703 212.84047999 96.65533703 215.38809204 103.49221802 C215.84138857 107.75130075 215.75839568 112.02398305 215.76309204 116.30471802 C215.78758423 117.46809692 215.81207642 118.63147583 215.83731079 119.83010864 C215.8604655 126.6105782 215.51710147 131.01780102 211.38809204 136.49221802 C207.96923721 139.30056306 203.61699684 138.87133092 199.38809204 138.49221802 C195.84170532 137.32498169 195.84170532 137.32498169 192.20840454 135.66018677 C191.53550385 135.35700027 190.86260315 135.05381378 190.16931152 134.74143982 C187.94395895 133.73475378 185.72886796 132.70729001 183.51309204 131.67971802 C181.92520163 130.95693139 180.33664341 130.23561032 178.74746704 129.51565552 C175.36912893 127.98236342 171.99484399 126.4406064 168.6234436 124.89212036 C163.40496541 122.49663146 158.17549513 120.12594929 152.94277954 117.76174927 C152.07546204 117.36983398 151.20814453 116.9779187 150.31454468 116.5741272 C148.5559662 115.77953107 146.79736019 114.98499586 145.03872681 114.19052124 C142.37256807 112.98519992 139.70734127 111.77784079 137.04238892 110.56985474 C125.71841864 105.43803647 114.37705349 100.34735494 103.01309204 95.30471802 C102.27989746 94.97937073 101.54670288 94.65402344 100.79129028 94.31881714 C96.38892901 92.36588905 91.98572255 90.41487198 87.58230591 88.46432495 C74.84460078 82.82111411 62.11234413 77.16569987 49.38809204 71.49221802 C48.54005005 71.11416016 47.69200806 70.73610229 46.81826782 70.34658813 C41.45897999 67.95657529 36.10196188 65.56156206 30.74734497 63.16110229 C29.04190059 62.39710311 27.33594797 61.63423717 25.62942505 60.87265015 C17.19194383 57.10577445 8.7794575 53.28458978 0.46231079 49.25784302 C-0.19573547 48.94883057 -0.85378174 48.63981812 -1.5317688 48.32144165 C-7.03039491 45.61130239 -10.30468665 42.14863154 -12.61190796 36.49221802 C-14.22329159 31.17114267 -13.87734247 25.62701771 -13.92440796 20.11721802 C-13.95341187 18.99315552 -13.98241577 17.86909302 -14.01229858 16.71096802 C-14.06120096 10.34613567 -14.0320295 6.25479942 -9.61190796 1.49221802 C-5.85030244 -1.01551899 -4.30168687 -0.5975846 0 0 Z "
        fill="#4E4E4E" transform="translate(326.6119079589844,562.5077819824219)" data-index="5"
        style="opacity: 1; visibility: visible; fill: rgb(255, 255, 255); display: block;"></path>
    <path
        d="M0 0 C3.84755847 1.34515594 7.57304653 2.94381069 11.3125 4.5625 C12.43479004 5.04283691 13.55708008 5.52317383 14.71337891 6.01806641 C27.88330222 11.71853437 40.83198433 17.89500786 53.79129028 24.05523682 C60.44858985 27.21832086 67.12589763 30.33677118 73.8125 33.4375 C74.9252832 33.9538501 76.03806641 34.4702002 77.18457031 35.00219727 C83.70632112 38.02369582 90.23561806 41.02835528 96.76953125 44.0234375 C99.88804604 45.45307003 103.00655063 46.88272478 106.125 48.3125 C106.90498352 48.67007385 107.68496704 49.02764771 108.48858643 49.39605713 C121.33511703 55.28812477 134.13578868 61.27290846 146.91503906 67.30932617 C156.72607761 71.94195277 166.56232894 76.51487939 176.43237305 81.02075195 C181.49011322 83.33890059 186.5241384 85.70291985 191.52734375 88.13671875 C192.49921631 88.60811279 193.47108887 89.07950684 194.47241211 89.56518555 C198.93643878 92.09924183 201.36263263 95.08789788 203 100 C203.26324234 104.59996049 203.23149002 109.20582802 203.25 113.8125 C203.2809375 115.71999023 203.2809375 115.71999023 203.3125 117.66601562 C203.32023437 119.51163086 203.32023437 119.51163086 203.328125 121.39453125 C203.3374707 122.51706299 203.34681641 123.63959473 203.35644531 124.79614258 C202.8346227 129.48647009 201.3381039 132.84774387 197.75 135.9375 C193.50592516 137.57725619 189.94730736 136.76996227 185.82470703 135.13989258 C183.25301593 133.9536793 180.71957235 132.7061197 178.1875 131.4375 C176.12049597 130.42564333 174.05274073 129.41532026 171.984375 128.40625 C170.86353516 127.85710937 169.74269531 127.30796875 168.58789062 126.7421875 C162.7729038 123.91857931 156.91907129 121.17856276 151.06588745 118.4352417 C147.434583 116.73296523 143.80508942 115.02684014 140.17578125 113.3203125 C139.43219864 112.97070465 138.68861603 112.6210968 137.92250061 112.26089478 C129.95885628 108.5141943 122.00840394 104.73976454 114.05731201 100.96652222 C92.82567129 90.89306743 71.52705563 80.97246359 50.1545105 71.20141602 C47.94969927 70.19307915 45.74545553 69.18350956 43.54125977 68.17382812 C36.60243472 64.99817479 29.65704687 61.839363 22.68800354 58.73048401 C19.47778094 57.29716646 16.27147502 55.85520655 13.06546021 54.4125061 C11.54027883 53.72910633 10.01319353 53.04993745 8.48410034 52.37533569 C-9.86012721 44.27974559 -9.86012721 44.27974559 -13 38 C-13.1349498 35.57779073 -13.21254926 33.1855955 -13.23828125 30.76171875 C-13.246353 30.04393753 -13.25442474 29.32615631 -13.26274109 28.58662415 C-13.27657786 27.06599337 -13.28730185 25.54533159 -13.29516602 24.0246582 C-13.31235842 21.70658958 -13.35624181 19.38995531 -13.40039062 17.07226562 C-13.41051977 15.59376047 -13.41903519 14.11524321 -13.42578125 12.63671875 C-13.44328934 11.94696457 -13.46079742 11.25721039 -13.47883606 10.54655457 C-13.45739701 5.75501852 -12.38454362 3.36327947 -9 0 C-5.9206049 -1.53969755 -3.2218947 -0.79087458 0 0 Z "
        fill="#4E4E4E" transform="translate(322,715)" data-index="6"
        style="opacity: 1; visibility: visible; fill: rgb(255, 255, 255);"></path>
    <path
        d="M0 0 C4.77295598 0.68587753 8.87632791 2.50631925 13.25 4.4375 C13.9821875 4.75009766 14.714375 5.06269531 15.46875 5.38476562 C20.87660233 7.75320465 20.87660233 7.75320465 22 10 C17.05 10 12.1 10 7 10 C7.33 8.02 7.66 6.04 8 4 C6.865625 3.71125 5.73125 3.4225 4.5625 3.125 C3.386875 2.75375 2.21125 2.3825 1 2 C0.67 1.34 0.34 0.68 0 0 Z "
        fill="#434343" transform="translate(407,599)" data-index="7"
        style="opacity: 1; visibility: visible; fill: rgb(255, 255, 255);"></path>
    <path
        d="M0 0 C0.33 0.99 0.66 1.98 1 3 C-1.59463419 5.59463419 -3.41825345 5.49855548 -7 6 C-8.33737094 6.31674575 -9.67288808 6.64270064 -11 7 C-11 6.34 -11 5.68 -11 5 C-7.37 3.35 -3.74 1.7 0 0 Z "
        fill="#434343" transform="translate(556,438)" data-index="8" style="opacity: 1; visibility: visible;"></path>
    <path
        d="M0,0c337.92,0 675.84,0 1024,0c0,337.92 0,675.84 0,1024c-337.92,0 -675.84,0 -1024,0c0,-337.92 0,-675.84 0,-1024z"
        id="path-0 1" fill="url(#grad-9)" fill-rule="nonzero" stroke="url(#grad-9)" stroke-width="0.25"
        stroke-linecap="butt" stroke-linejoin="miter" stroke-miterlimit="10" stroke-dasharray="" stroke-dashoffset="0"
        font-family="none" font-weight="none" font-size="none" text-anchor="none"
        style="mix-blend-mode: normal; opacity: 1; display: none;" data-index="9"></path>
    <path
        d="M0,0c337.92,0 675.84,0 1024,0c0,337.92 0,675.84 0,1024c-337.92,0 -675.84,0 -1024,0c0,-337.92 0,-675.84 0,-1024z"
        id="path-2 1" fill="url(#grad-10)" fill-rule="nonzero" stroke="url(#grad-10)" stroke-width="0.25"
        stroke-linecap="butt" stroke-linejoin="miter" stroke-miterlimit="10" stroke-dasharray="" stroke-dashoffset="0"
        font-family="none" font-weight="none" font-size="none" text-anchor="none"
        style="mix-blend-mode: normal; opacity: 1; display: none;" data-index="10"></path>
    <path
        d="M0,0c337.92,0 675.84,0 1024,0c0,337.92 0,675.84 0,1024c-337.92,0 -675.84,0 -1024,0c0,-337.92 0,-675.84 0,-1024z"
        id="path-5 1" fill="url(#grad-11)" fill-rule="nonzero" stroke="url(#grad-11)" stroke-width="0.25"
        stroke-linecap="butt" stroke-linejoin="miter" stroke-miterlimit="10" stroke-dasharray="" stroke-dashoffset="0"
        font-family="none" font-weight="none" font-size="none" text-anchor="none"
        style="mix-blend-mode: normal; opacity: 1; display: none;" data-index="11"></path>
</svg> in this whole text i want the color of svg to be yellow and and